Main opening
-10.6, 55.26 - 296.4, 55.26
296.4, 55.26 - 296.4, 95.76
296.4, 95.76, 291.4, 95.76
291.4, 95.76 - 291.4, 133.76
291.4, 133.76 - 210.4, 133.76
210.4, 133.76 - 210.4 - 152.76
210.4, 152.76 - 37.4, 152.76
37.4, 152.76 - 37.4, 133.76
37.4, 133.76 - -14.6, 133.76
-14.6, 133.76 - -14.6, 92.76
-14.6, 92.76 - -10.6, 92.76
-10.6, 92.76 - -10.6, 55.26

F-Key opening
315.4, 55.26 - 345.9, 55.26
345.9, 55.26 - 345.9, 133.26
345.9, 133.26 - 315.4, 133.26
315.4, 133.26 - 315.4 - 55.26

Mounting holes
17.4, 46.26
124.9, 46.26
226.4, 46.26
334.4, 46.26
17.4, 159.76
144.4, 159.76
208.4, 159.76
334.4, 159.76

MX1A-11NW
MX1A-E1NW

MX1A-31NW